0.35842557152858234 0.9275870019273393 0.10542041325027714 0.9333193168475536 -0.3585967957398431 -0.017983072160589583 0.021122558406235187 0.1048365009935345 -0.9942651284168664 -0.18853996427230676 -0.06693184856338717 0.5238091569495983
-0.000511775170191952 0.9924242041122318 0.1228573855263843 0.9992557597379289 0.005246162362702914 -0.038215237942985 -0.038570256892455045 0.12274639250368054 -0.9916882869181133 -0.16560337152325902 -0.13600081074827275 0.5499457297368936
-0.2810517119909589 0.9595853082546976 -0.014351702640743542 0.9534296381356632 0.2808920299116878 0.10987079983594317 0.10946168421621107 0.01719603773631304 -0.9938422591008704 -0.14074951368425312 -0.12621287920227903 0.5202703009718322
-0.27397848475669506 0.9490995022255427 0.15538959027442073 0.9476162614955457 0.2939935672138547 -0.12486474036363689 -0.16419260287732568 0.11303945024680379 -0.9799300341597197 -0.04762973557738664 -0.12381511451455897 0.5285774696588679
0.2595366593211654 0.9500066773262074 0.17357429390329865 0.9463988459122527 -0.2144142439809925 -0.2415693615382876 -0.1922757054969915 0.2269666165181099 -0.9547335796241563 -0.10111419895834105 -0.08993719589452129 0.5745296073051849
0.944815725309196 0.17680086368623213 0.27579829551369683 0.2610975148236956 -0.9148642909797093 -0.3079795721197817 0.19786695773005697 0.36299419236400476 -0.9105404347686354 -0.21597546028873443 -0.00577398945887381 0.5491836348569872
0.9352040579661254 0.2696699566475103 -0.22950268940781918 0.142738904779923 -0.8802086877412731 -0.452612716444218 -0.3240663126983736 0.3905262865755849 -0.8616671308965915 0.030636878998154583 -0.01674995385146243 0.5739157906035137
-0.5894901502814053 0.7708301448860243 0.24150000094450716 0.7735540160297776 0.6247956153222511 -0.10604066841684995 -0.2326274854900189 0.12430336604082903 -0.9645896154248763 0.1052308198730971 -0.12925743091502773 0.5121010670608658
-0.5989619764414958 0.800739942712224 -0.007752091493327576 0.7571435672116171 0.5631463941238846 -0.33105854076784363 -0.26072623459744976 -0.20416092410275408 -0.9435783738843027 0.11904574789971029 0.028410392542454355 0.5513711541145112
-0.8194325789965852 0.5361299886922778 0.20271873052045136 0.5712927421508518 0.7925966255028934 0.2131084043560616 -0.04642037531909553 0.2904397088317029 -0.955766668329143 0.17781971227180862 0.012838674892485316 0.5418902788140441
-0.10110641978396928 0.9946587004334613 0.020774059075820868 0.9896485108541169 0.09841559539737843 0.10445188149003647 0.10184948130794234 0.031119772405938606 -0.9943129501936026 0.10984394169681892 -0.012028149248808873 0.5581323199610868
0.7795605063298343 0.5527261706932364 -0.2945830904881734 0.5759612098565366 -0.8174212302218401 -0.00955076558231477 -0.24607743031689597 -0.16222303354765913 -0.9555781421083408 0.09541377104613956 0.023340256162512382 0.688347284785866
-0.019152611855481876 0.9962889457585616 -0.0839137296180254 0.9953350958559907 0.011061861218214997 -0.09584196462789696 -0.09455804786721937 -0.0853579040609759 -0.9918532168611733 0.0008741838902299654 0.03385376892793837 0.5983837156111348
-0.978592690760803 -0.02170451304726189 -0.2046588862055896 -0.005858205002814264 0.9969581646584667 -0.07771807611467951 0.2057231805696097 -0.07485540751477712 -0.9757431224159974 0.025587553710318362 0.06860275705246009 0.6037432689387934
-0.6713675734217744 0.7382035873842954 0.06573465547726953 0.7401481995134153 0.6723918352434801 0.008358388298845647 -0.03802925340850037 0.05426493776704866 -0.9978021308928591 0.07249363441283273 -0.0303599784437653 0.5885685908872629
0.4068144203295293 0.913375452731641 0.01572608531132185 0.9134800527138348 -0.4068817328239886 0.0012036561295363799 0.007498046804257014 0.013875800568555119 -0.9998756129902874 -0.2592190008455621 0.0158042038074981 0.6282890507061619
0.20620277385482275 0.973604575269307 -0.09784961455851131 0.9785090516003696 -0.2052378547703025 0.019936371420834806 -0.0006723025524968013 -0.09985766862868677 -0.9950015045341998 -0.12003120723866641 0.040462173225737294 0.6179823323694286
-0.23263541739259422 0.9718649594869707 -0.0368681854172686 0.9208116146344179 0.23229912991548854 0.3132779669795875 0.31302832608077175 0.038930897265483495 -0.9489455475996367 -0.03178562099469726 -0.06494353478815484 0.5789190488902057
